114 37 36 21 31
94 26 26 17 26
118 38 30 19 31
74 22 22 11 19
76 23 20 15 21
114 34 28 20 31
148 43 41 25 44
142 45 42 24 40
154 49 43 23 41
160 51 47 29 47
130 39 34 21 38
150 48 40 26 43
136 44 36 21 37
120 38 32 22 32
126 40 31 26 34
146 43 43 25 40
148 47 40 28 37
188 58 48 34 47
130 41 36 23 35
154 49 42 27 40
120 39 32 22 34
116 37 28 22 32
152 49 47 27 43
180 56 47 36 50
158 49 42 26 47
96 29 26 15 28
106 34 29 17 30
78 23 22 13 24
134 42 35 22 34
158 50 40 29 42
166 52 47 35 45
138 45 35 29 38
134 43 36 21 34
126 41 35 24 35
168 56 46 30 44
112 35 31 18 33
174 55 45 32 50
152 50 41 27 41
114 35 31 22 32
148 47 39 26 40
108 34 28 17 29
