44 13 12 7 12
66 21 19 11 18
38 11 12 7 10
30 9 9 5 8
32 10 8 5 9
32 10 8 5 9
40 12 10 7 11
32 10 9 5 9
48 15 12 8 13
40 13 11 7 12
46 14 13 9 12
54 15 14 10 15
48 14 12 7 14
32 9 9 6 9
58 17 17 11 16
44 13 11 7 12
46 13 12 8 13
54 17 17 8 18
54 17 14 8 15
48 16 12 8 14
54 12 14 9 16
46 14 13 10 14
64 20 19 12 17
56 17 15 9 16
72 21 20 11 21
58 15 17 10 16
36 11 10 7 11
66 21 17 11 20
44 13 11 9 12
64 20 18 12 17
60 17 17 11 16
66 20 18 9 17
46 13 13 8 12
42 12 11 7 11
50 16 14 9 13
54 14 14 7 16
48 13 12 8 14
58 19 16 9 16
58 17 16 12 15
64 19 15 10 17
60 19 17 10 16
56 17 15 9 14
56 17 16 11 15
66 20 16 13 18
50 16 15 9 14
48 12 9 7 14
42 13 12 8 11
50 13 13 8 13
58 18 15 13 14
54 17 15 9 15
44 14 11 6 11
78 25 23 14 21
68 22 19 12 19
48 13 11 8 14
68 20 19 12 19
66 20 20 13 17
80 24 22 14 20
72 21 21 11 21
62 20 18 10 18
72 22 18 11 20
78 25 24 12 20
74 24 20 14 23
36 10 9 6 9
90 29 27 16 24
72 21 19 10 19
40 13 11 8 11
42 10 11 8 12
72 23 22 15 21
44 14 11 10 12
92 29 25 14 25
80 24 21 15 23
46 15 14 8 13
58 17 14 8 18
76 25 21 13 21
64 18 17 11 18
32 9 10 5 9
54 16 15 9 13
40 10 10 7 11
90 26 25 17 25
72 24 21 12 18
50 12 12 8 14
88 28 26 15 22
64 19 16 12 17
86 26 23 13 23
62 19 17 11 17
52 15 14 10 14
62 19 14 12 13
70 22 18 14 20
60 17 18 11 17
42 12 10 6 11
72 24 19 14 20
58 18 15 8 15
80 25 22 16 22
76 22 23 15 18
86 26 25 15 22
112 37 32 18 31
88 28 26 15 25
72 21 20 16 19
86 27 26 16 24
52 16 17 10 15
