122 39 33 23 35
184 57 46 32 53
186 58 51 38 49
216 70 61 38 56
190 62 51 39 51
172 50 45 30 44
154 50 43 29 46
240 79 67 46 64
166 55 47 27 45
150 48 42 32 43
188 57 51 34 49
122 40 31 23 37
136 42 39 23 39
144 45 36 27 39
130 41 34 24 35
132 43 34 23 35
182 59 49 30 49
174 54 46 32 51
192 60 51 34 51
152 47 42 24 43
192 62 54 36 51
214 69 58 37 61
210 69 55 38 61
156 50 46 29 43
156 49 41 27 44
170 54 45 33 46
170 55 49 30 49
210 68 59 39 56
212 68 61 39 60
172 54 48 31 46
172 54 47 36 45
230 71 59 44 61
158 51 45 32 48
196 64 52 33 54
224 72 63 45 64
150 48 42 28 42
200 63 54 42 54
132 40 32 23 38
182 58 50 37 50
160 48 41 27 41
136 43 41 24 36
190 61 53 36 50
208 66 58 37 59
148 46 43 28 42
218 67 57 37 58
140 44 41 27 37
194 61 52 35 57
208 68 55 45 58
116 37 33 22 31
160 52 43 24 39
196 64 58 39 50
168 55 45 31 45
224 73 61 42 59
178 55 49 34 48
216 65 56 38 59
166 51 50 30 45
224 72 64 37 63
184 56 50 35 51
206 63 55 35 59
226 70 59 40 61
216 70 55 37 61
182 54 54 33 53
216 70 61 40 59
216 71 58 40 60
174 49 46 32 50
244 77 67 47 68
140 44 36 24 40
216 68 61 40 56
148 46 40 28 39
170 54 45 28 48
166 52 43 30 43
272 90 75 50 75
208 66 59 39 56
142 43 39 26 40
204 62 55 37 59
144 44 38 24 39
232 74 65 44 65
162 52 45 33 43
208 66 61 38 57
192 63 51 32 51
164 52 41 31 44
178 56 47 34 46
250 83 68 48 66
178 57 50 32 55
198 63 54 32 53
190 61 49 35 54
224 70 63 44 65
198 65 54 35 54
180 56 49 33 50
150 48 42 29 41
206 65 55 43 58
230 75 67 39 58
204 65 58 41 57
198 64 52 35 56
186 59 47 34 58
176 54 46 34 47
184 59 49 32 49
186 61 54 32 49
238 75 67 40 69
138 42 37 24 36
214 68 59 32 55
214 68 60 37 59
136 43 35 26 39
210 64 55 41 59
218 67 60 41 61
176 57 45 30 48
126 39 36 24 32
118 36 34 23 32
152 47 42 26 39
230 73 62 36 60
252 83 70 43 67
112 31 28 22 27
96 28 27 16 26
198 64 53 42 55
130 41 34 25 37
90 27 25 17 26
242 75 67 44 67
280 89 77 53 79
192 63 50 40 49
156 50 39 30 42
182 58 47 32 51
238 78 67 48 66
198 64 53 38 53
200 64 57 38 53
168 52 45 31 47
142 44 37 25 36
204 65 57 43 56
194 63 56 38 50
168 53 45 33 46
240 79 68 44 68
236 76 69 43 62
200 62 56 43 58
254 79 68 49 68
212 67 63 44 62
250 82 69 44 65
268 86 77 44 73
224 74 65 42 61
224 70 65 39 60
156 49 43 33 39
238 77 65 42 70
192 60 54 37 51
232 72 62 40 62
168 53 47 27 45
206 64 52 42 58
216 70 60 37 61
202 61 52 37 55
206 65 53 35 58
294 89 82 57 83
170 55 47 29 51
212 67 53 40 57
236 77 66 43 64
212 64 57 38 57
236 77 65 47 64
184 58 51 33 46
210 67 58 37 56
242 78 66 43 64
234 75 64 39 64
138 43 39 25 36
162 52 47 31 41
260 81 70 46 71
194 61 53 35 51
184 59 50 34 49
210 68 58 38 59
198 64 56 35 52
212 66 55 38 62
150 46 38 32 39
262 84 74 50 71
132 43 38 22 35
208 67 57 38 55
176 56 47 35 50
212 69 57 36 57
192 55 52 40 51
330 99 92 58 85
266 82 72 48 74
258 83 69 46 70
272 87 72 53 70
166 53 46 32 42
230 74 64 44 60
252 77 68 47 72
212 66 60 37 58
200 65 54 35 55
172 57 49 33 46
230 72 59 42 63
212 66 57 38 61
232 73 59 39 61
164 49 46 33 48
282 92 79 53 77
222 73 59 37 62
250 81 71 47 67
194 64 55 35 52
270 85 78 44 68
260 81 72 50 70
220 70 60 38 62
242 79 66 42 64
274 89 76 45 71
230 75 63 40 65
236 74 62 45 66
202 65 55 35 52
230 75 63 41 61
172 55 46 29 48
288 95 78 54 82
246 79 61 47 67
236 76 63 39 60
222 71 63 41 59
246 79 68 45 69
246 78 65 49 66
204 66 53 34 57
250 82 67 47 69
272 85 74 52 78
132 41 36 24 35
168 54 44 29 48
256 81 71 42 70
210 67 59 37 54
298 87 81 53 81
194 60 53 35 53
110 35 30 21 30
304 99 87 52 80
248 72 67 43 67
248 75 72 45 68
206 65 55 36 57
290 94 81 54 78
162 52 45 31 44
236 75 66 47 67
136 42 36 25 36
224 71 62 37 61
222 68 59 42 56
226 75 64 44 64
228 72 68 46 59
136 43 37 27 37
214 67 61 40 63
258 83 78 48 72
312 97 84 62 82
276 84 71 50 79
220 72 57 41 60
322 104 88 61 89
258 84 75 46 71
228 76 65 40 58
216 70 62 42 59
236 75 65 45 61
256 82 69 47 71
238 77 64 42 68
262 82 73 44 66
270 84 78 51 76
178 56 50 35 50
174 53 49 33 49
180 59 52 38 49
240 77 65 42 66
304 100 83 60 82
254 77 67 49 71
250 78 68 42 70
252 84 65 42 67
184 61 48 33 50
162 53 42 29 42
214 68 59 39 57
158 49 41 27 42
270 87 72 54 73
262 81 72 44 72
252 81 69 47 72
306 93 83 56 89
252 81 70 46 70
292 89 80 52 79
290 95 79 52 80
198 63 55 37 54
246 77 69 50 68
264 87 70 47 72
292 96 82 52 83
272 86 74 53 73
186 56 53 32 49
222 71 58 35 60
318 98 86 62 91
292 90 78 50 77
244 78 66 44 65
246 80 70 38 68
212 69 58 38 56
298 95 82 56 73
282 89 78 52 76
194 61 56 32 49
274 86 75 50 76
292 91 82 56 79
230 71 62 44 62
266 86 75 49 70
218 69 61 40 62
