4 1 1 1 1
4 1 1 1 1
6 1 1 1 2
4 1 1 1 1
4 1 1 1 1
6 1 1 1 2
8 2 2 1 2
8 2 2 1 2
8 1 1 1 2
12 3 3 2 3
10 2 3 2 4
12 4 4 2 3
10 2 2 2 3
12 4 3 2 3
8 2 3 2 2
12 3 3 2 3
8 2 2 1 2
14 4 4 2 4
12 3 3 2 3
18 5 5 3 5
14 4 4 3 4
12 4 4 2 4
16 5 5 3 5
18 5 5 3 5
16 5 3 3 4
16 5 3 2 5
16 5 4 2 5
28 7 7 4 7
18 6 6 2 5
28 9 8 5 6
16 5 4 2 5
26 8 7 5 8
24 7 7 4 7
16 4 4 2 4
14 4 4 2 4
22 7 7 4 5
18 5 5 3 4
32 10 9 5 8
14 2 2 2 4
16 5 5 2 5
14 4 4 3 4
26 8 7 4 6
12 4 3 2 2
20 6 6 3 5
12 3 3 1 4
26 8 7 4 7
24 6 7 4 6
24 7 6 5 6
14 4 5 2 4
30 9 8 5 8
32 9 8 6 9
30 9 8 4 9
30 10 9 4 8
24 6 7 5 5
24 8 7 3 7
32 10 10 6 8
36 10 10 7 9
22 6 6 4 6
36 11 10 7 10
30 9 9 5 9
30 8 8 5 9
26 8 7 4 6
34 9 8 5 10
38 12 11 5 10
24 7 6 4 6
30 8 7 4 8
28 8 7 5 7
30 10 7 5 8
34 10 10 8 8
48 14 12 7 14
30 9 9 6 7
38 9 9 5 10
48 14 15 8 14
34 10 9 5 8
44 13 13 7 11
26 8 9 5 7
34 11 9 5 9
40 13 11 6 10
32 9 9 4 8
36 11 9 7 12
22 5 6 4 6
34 10 9 7 9
26 8 8 3 6
38 11 10 5 12
42 12 13 7 12
38 12 12 6 10
36 9 10 7 10
48 15 14 8 13
40 12 10 6 11
26 8 8 3 8
46 13 11 7 13
34 9 8 6 8
34 10 9 6 10
46 13 12 8 13
38 10 10 8 10
38 12 10 6 12
40 13 11 6 10
50 15 14 10 13
38 11 9 5 10
56 16 16 9 16
