4 1 1 1 1
4 1 1 1 1
6 1 1 1 2
4 1 1 1 1
6 1 1 1 1
4 1 1 1 1
4 1 1 1 1
8 2 2 1 3
8 2 2 1 2
10 3 3 1 3
10 2 2 2 3
12 3 4 2 3
10 3 3 2 2
12 4 4 2 3
12 3 2 1 4
12 4 4 2 3
10 3 3 1 3
22 6 6 3 6
12 3 3 2 3
14 4 4 2 3
14 4 4 2 4
14 4 4 3 3
20 6 5 3 4
24 7 6 5 7
14 4 4 3 4
14 4 3 2 4
18 4 4 3 4
18 5 6 3 5
20 6 6 4 5
24 7 7 4 6
26 7 6 4 6
14 4 3 2 3
24 8 6 3 7
24 7 7 4 8
26 8 7 4 8
22 5 5 4 7
18 5 5 3 6
24 7 7 3 6
20 5 4 3 6
22 6 6 3 6
30 8 8 6 7
16 4 4 2 4
18 5 5 3 4
26 8 8 5 8
26 8 6 4 8
24 6 7 4 7
28 8 8 4 8
22 7 5 3 7
24 8 7 3 7
22 7 5 3 5
