68 22 20 11 19
60 19 16 10 16
44 14 12 9 11
80 25 22 14 20
78 25 21 14 20
80 26 22 14 22
78 24 20 13 23
100 30 27 19 25
98 31 29 19 26
92 29 26 15 23
90 28 23 15 22
86 24 21 15 21
84 24 20 17 22
108 32 27 20 27
100 32 28 18 29
104 33 30 20 29
36 9 9 6 10
104 31 29 18 28
62 19 17 12 17
76 24 22 13 20
86 26 21 13 21
84 26 21 17 25
100 33 25 17 27
116 36 33 22 29
50 13 12 8 16
70 18 18 12 21
64 20 19 12 18
80 26 22 12 22
38 11 11 7 10
84 25 21 14 25
98 30 27 18 23
120 39 32 22 33
90 25 26 16 23
88 28 22 14 23
100 29 28 16 28
72 20 19 13 19
96 27 24 16 26
102 31 25 16 26
68 21 18 14 19
72 23 20 11 19
118 37 31 21 33
76 23 19 14 21
104 33 29 19 30
88 27 24 16 24
90 26 23 15 26
88 27 26 14 23
78 23 21 14 21
66 20 18 12 17
68 21 19 13 18
108 35 31 20 32
76 22 21 16 19
66 18 18 10 18
102 29 27 21 30
82 25 22 15 20
120 38 30 21 31
92 29 27 18 29
80 23 21 14 20
86 26 25 14 24
86 28 23 14 24
68 19 17 14 19
94 28 28 16 26
102 31 27 18 29
88 29 24 15 24
88 29 24 17 25
96 27 25 18 23
100 31 28 18 29
80 24 20 14 22
142 46 39 25 36
100 31 27 18 27
66 22 19 11 18
82 22 21 13 20
102 29 31 17 28
144 45 42 29 40
90 28 25 18 24
102 31 24 19 26
104 30 31 18 29
94 29 25 17 25
114 35 32 19 32
110 34 33 18 29
90 29 25 16 22
104 34 28 16 29
92 27 23 17 24
102 30 24 17 26
104 32 30 19 30
100 30 24 17 27
78 23 20 15 20
134 40 34 23 37
90 28 26 16 24
110 31 28 20 31
104 32 28 22 30
76 23 20 13 21
76 23 19 15 21
144 45 38 25 37
124 41 36 24 34
124 39 34 24 30
134 39 33 22 38
96 31 24 18 27
130 41 35 22 35
90 28 25 15 23
92 29 24 17 26
