108 32 29 18 27
90 28 25 20 23
102 32 24 18 27
126 42 32 23 33
138 43 38 24 37
140 45 40 26 35
116 37 30 22 32
88 27 23 15 23
84 27 20 14 21
120 37 31 23 31
158 49 46 30 43
130 42 34 23 34
126 38 34 23 41
126 40 33 23 35
130 42 35 24 35
140 45 38 23 38
114 34 32 24 31
94 27 26 17 26
104 32 29 19 29
144 44 37 25 40
150 48 41 26 41
122 36 32 19 34
140 44 40 25 38
126 39 33 24 34
156 49 44 28 47
112 35 32 20 31
112 36 29 20 29
128 41 32 27 36
80 23 24 17 22
126 41 33 22 33
128 42 33 23 34
116 38 31 22 32
142 43 38 24 38
154 49 42 30 39
