90 28 25 17 26
122 37 33 26 32
108 33 30 20 27
152 48 40 28 39
146 45 37 29 38
166 52 43 35 45
140 37 36 28 37
138 44 38 23 38
148 47 40 28 44
76 23 22 12 20
138 45 37 24 38
158 50 46 31 41
104 33 28 17 28
120 40 33 22 31
178 55 48 35 47
166 54 44 31 48
162 51 46 28 45
170 55 46 32 43
144 44 41 29 39
196 62 53 35 53
182 56 49 33 48
154 45 41 31 43
138 44 38 27 35
132 43 34 22 33
164 53 47 34 46
172 54 48 30 48
166 49 44 28 47
154 51 43 30 40
130 42 35 24 35
146 47 39 24 41
144 44 37 24 38
190 60 53 38 54
166 52 48 32 45
152 48 41 29 44
148 49 42 26 40
124 39 37 23 33
164 50 40 31 45
190 60 51 31 51
132 40 36 23 34
162 53 44 27 42
138 44 36 24 34
204 63 55 33 54
154 48 45 28 42
114 37 33 23 32
104 33 27 16 26
156 51 41 27 43
128 38 35 23 36
152 49 41 32 44
180 59 48 32 50
178 55 51 32 48
156 48 44 25 45
108 33 28 22 28
160 48 42 27 41
144 45 38 28 38
130 42 38 22 37
194 63 53 34 49
224 69 60 41 55
156 49 40 29 45
180 55 50 27 51
200 62 52 39 55
160 52 43 28 42
186 61 52 34 49
154 50 45 27 43
158 52 42 29 44
192 60 52 35 57
154 49 39 26 41
150 47 38 28 43
154 50 45 27 41
150 49 47 31 41
170 55 49 30 46
174 56 49 30 45
100 31 27 18 26
160 50 42 29 48
126 41 34 22 36
150 48 41 26 43
190 60 49 35 48
152 46 43 25 43
168 53 46 29 47
140 45 40 26 38
166 55 45 32 46
188 61 57 35 51
134 44 38 25 37
204 66 54 35 57
184 59 49 33 51
188 55 48 33 54
154 50 41 29 46
200 65 53 34 58
172 50 48 30 48
142 47 40 26 34
146 48 40 28 40
158 51 43 28 43
