184 57 53 33 49
228 73 64 43 62
204 62 54 37 56
254 82 70 50 74
260 84 72 50 71
200 62 52 38 58
322 99 93 59 83
260 84 66 45 69
242 73 67 43 68
192 63 50 33 56
274 86 73 50 71
234 73 62 39 69
268 84 72 46 67
252 79 65 44 67
328 107 83 57 89
182 56 54 32 48
296 96 82 55 78
240 76 66 44 67
278 91 75 52 80
256 83 73 51 75
224 68 62 45 63
250 80 67 42 69
218 69 62 38 60
256 81 74 50 73
282 91 74 51 77
296 91 82 54 79
120 37 31 22 34
222 70 58 38 54
254 80 69 42 69
280 87 78 53 74
128 39 35 23 34
284 92 78 51 77
218 70 59 43 60
300 98 81 54 83
286 94 75 45 83
166 54 45 29 44
262 86 73 49 71
256 81 68 47 67
350 114 98 67 98
260 86 73 44 71
