890
4 1 1 1 1
4 1 1 1 1
4 1 1 1 1
6 1 1 1 2
6 1 1 1 1
8 2 2 1 3
6 1 1 1 2
10 3 3 1 3
12 4 3 2 4
12 4 4 2 3
10 2 2 2 3
10 3 3 2 3
10 3 3 2 4
14 4 4 3 3
14 4 4 2 4
4 1 1 1 1
4 1 1 1 1
6 1 1 1 2
4 1 1 1 1
6 1 1 1 1
4 1 1 1 1
4 1 1 1 1
8 2 2 1 3
8 2 2 1 2
10 3 3 1 3
10 2 2 2 3
12 3 4 2 3
10 3 3 2 2
12 4 4 2 3
12 3 2 1 4
12 4 4 2 3
10 3 3 1 3
22 6 6 3 6
12 3 3 2 3
14 4 4 2 3
14 4 4 2 4
14 4 4 3 3
20 6 5 3 4
24 7 6 5 7
14 4 4 3 4
14 4 3 2 4
18 4 4 3 4
18 5 6 3 5
20 6 6 4 5
24 7 7 4 6
26 7 6 4 6
14 4 3 2 3
24 8 6 3 7
24 7 7 4 8
26 8 7 4 8
22 5 5 4 7
18 5 5 3 6
24 7 7 3 6
20 5 4 3 6
22 6 6 3 6
30 8 8 6 7
16 4 4 2 4
18 5 5 3 4
26 8 8 5 8
26 8 6 4 8
24 6 7 4 7
28 8 8 4 8
22 7 5 3 7
24 8 7 3 7
22 7 5 3 5
4 1 1 1 1
4 1 1 1 1
6 1 1 1 2
4 1 1 1 1
4 1 1 1 1
6 1 1 1 2
8 2 2 1 2
8 2 2 1 2
8 1 1 1 2
12 3 3 2 3
10 2 3 2 4
12 4 4 2 3
10 2 2 2 3
12 4 3 2 3
8 2 3 2 2
12 3 3 2 3
8 2 2 1 2
14 4 4 2 4
12 3 3 2 3
18 5 5 3 5
14 4 4 3 4
12 4 4 2 4
16 5 5 3 5
18 5 5 3 5
16 5 3 3 4
16 5 3 2 5
16 5 4 2 5
28 7 7 4 7
18 6 6 2 5
28 9 8 5 6
16 5 4 2 5
26 8 7 5 8
24 7 7 4 7
16 4 4 2 4
14 4 4 2 4
22 7 7 4 5
18 5 5 3 4
32 10 9 5 8
14 2 2 2 4
16 5 5 2 5
14 4 4 3 4
26 8 7 4 6
12 4 3 2 2
20 6 6 3 5
12 3 3 1 4
26 8 7 4 7
24 6 7 4 6
24 7 6 5 6
14 4 5 2 4
30 9 8 5 8
32 9 8 6 9
30 9 8 4 9
30 10 9 4 8
24 6 7 5 5
24 8 7 3 7
32 10 10 6 8
36 10 10 7 9
22 6 6 4 6
36 11 10 7 10
30 9 9 5 9
30 8 8 5 9
26 8 7 4 6
34 9 8 5 10
38 12 11 5 10
24 7 6 4 6
30 8 7 4 8
28 8 7 5 7
30 10 7 5 8
34 10 10 8 8
48 14 12 7 14
30 9 9 6 7
38 9 9 5 10
48 14 15 8 14
34 10 9 5 8
44 13 13 7 11
26 8 9 5 7
34 11 9 5 9
40 13 11 6 10
32 9 9 4 8
36 11 9 7 12
22 5 6 4 6
34 10 9 7 9
26 8 8 3 6
38 11 10 5 12
42 12 13 7 12
38 12 12 6 10
36 9 10 7 10
48 15 14 8 13
40 12 10 6 11
26 8 8 3 8
46 13 11 7 13
34 9 8 6 8
34 10 9 6 10
46 13 12 8 13
38 10 10 8 10
38 12 10 6 12
40 13 11 6 10
50 15 14 10 13
38 11 9 5 10
56 16 16 9 16
44 13 12 7 12
66 21 19 11 18
38 11 12 7 10
30 9 9 5 8
32 10 8 5 9
32 10 8 5 9
40 12 10 7 11
32 10 9 5 9
48 15 12 8 13
40 13 11 7 12
46 14 13 9 12
54 15 14 10 15
48 14 12 7 14
32 9 9 6 9
58 17 17 11 16
44 13 11 7 12
46 13 12 8 13
54 17 17 8 18
54 17 14 8 15
48 16 12 8 14
54 12 14 9 16
46 14 13 10 14
64 20 19 12 17
56 17 15 9 16
72 21 20 11 21
58 15 17 10 16
36 11 10 7 11
66 21 17 11 20
44 13 11 9 12
64 20 18 12 17
60 17 17 11 16
66 20 18 9 17
46 13 13 8 12
42 12 11 7 11
50 16 14 9 13
54 14 14 7 16
48 13 12 8 14
58 19 16 9 16
58 17 16 12 15
64 19 15 10 17
60 19 17 10 16
56 17 15 9 14
56 17 16 11 15
66 20 16 13 18
50 16 15 9 14
48 12 9 7 14
42 13 12 8 11
50 13 13 8 13
58 18 15 13 14
54 17 15 9 15
44 14 11 6 11
78 25 23 14 21
68 22 19 12 19
48 13 11 8 14
68 20 19 12 19
66 20 20 13 17
80 24 22 14 20
72 21 21 11 21
62 20 18 10 18
72 22 18 11 20
78 25 24 12 20
74 24 20 14 23
36 10 9 6 9
90 29 27 16 24
72 21 19 10 19
40 13 11 8 11
42 10 11 8 12
72 23 22 15 21
44 14 11 10 12
92 29 25 14 25
80 24 21 15 23
46 15 14 8 13
58 17 14 8 18
76 25 21 13 21
64 18 17 11 18
32 9 10 5 9
54 16 15 9 13
40 10 10 7 11
90 26 25 17 25
72 24 21 12 18
50 12 12 8 14
88 28 26 15 22
64 19 16 12 17
86 26 23 13 23
62 19 17 11 17
52 15 14 10 14
62 19 14 12 13
70 22 18 14 20
60 17 18 11 17
42 12 10 6 11
72 24 19 14 20
58 18 15 8 15
80 25 22 16 22
76 22 23 15 18
86 26 25 15 22
112 37 32 18 31
88 28 26 15 25
72 21 20 16 19
86 27 26 16 24
52 16 17 10 15
68 22 20 11 19
60 19 16 10 16
44 14 12 9 11
80 25 22 14 20
78 25 21 14 20
80 26 22 14 22
78 24 20 13 23
100 30 27 19 25
98 31 29 19 26
92 29 26 15 23
90 28 23 15 22
86 24 21 15 21
84 24 20 17 22
108 32 27 20 27
100 32 28 18 29
104 33 30 20 29
36 9 9 6 10
104 31 29 18 28
62 19 17 12 17
76 24 22 13 20
86 26 21 13 21
84 26 21 17 25
100 33 25 17 27
116 36 33 22 29
50 13 12 8 16
70 18 18 12 21
64 20 19 12 18
80 26 22 12 22
38 11 11 7 10
84 25 21 14 25
98 30 27 18 23
120 39 32 22 33
90 25 26 16 23
88 28 22 14 23
100 29 28 16 28
72 20 19 13 19
96 27 24 16 26
102 31 25 16 26
68 21 18 14 19
72 23 20 11 19
118 37 31 21 33
76 23 19 14 21
104 33 29 19 30
88 27 24 16 24
90 26 23 15 26
88 27 26 14 23
78 23 21 14 21
66 20 18 12 17
68 21 19 13 18
108 35 31 20 32
76 22 21 16 19
66 18 18 10 18
102 29 27 21 30
82 25 22 15 20
120 38 30 21 31
92 29 27 18 29
80 23 21 14 20
86 26 25 14 24
86 28 23 14 24
68 19 17 14 19
94 28 28 16 26
102 31 27 18 29
88 29 24 15 24
88 29 24 17 25
96 27 25 18 23
100 31 28 18 29
80 24 20 14 22
142 46 39 25 36
100 31 27 18 27
66 22 19 11 18
82 22 21 13 20
102 29 31 17 28
144 45 42 29 40
90 28 25 18 24
102 31 24 19 26
104 30 31 18 29
94 29 25 17 25
114 35 32 19 32
110 34 33 18 29
90 29 25 16 22
104 34 28 16 29
92 27 23 17 24
102 30 24 17 26
104 32 30 19 30
100 30 24 17 27
78 23 20 15 20
134 40 34 23 37
90 28 26 16 24
110 31 28 20 31
104 32 28 22 30
76 23 20 13 21
76 23 19 15 21
144 45 38 25 37
124 41 36 24 34
124 39 34 24 30
134 39 33 22 38
96 31 24 18 27
130 41 35 22 35
90 28 25 15 23
92 29 24 17 26
80 23 23 15 20
126 40 33 23 34
112 34 32 22 30
92 29 24 17 27
134 42 35 23 36
102 32 27 20 30
110 34 34 17 31
114 36 30 22 30
108 31 27 18 30
106 33 29 21 30
140 43 40 23 37
80 26 23 14 24
94 30 28 15 26
106 31 27 18 29
100 29 24 16 28
90 27 26 16 26
116 38 31 22 27
110 34 28 19 32
124 40 35 20 35
108 34 27 16 27
118 38 33 20 32
120 39 32 23 32
164 51 45 26 47
122 38 34 19 33
84 25 22 14 22
86 25 25 17 23
112 37 32 19 31
108 32 29 18 27
90 28 25 20 23
102 32 24 18 27
126 42 32 23 33
138 43 38 24 37
140 45 40 26 35
116 37 30 22 32
88 27 23 15 23
84 27 20 14 21
120 37 31 23 31
158 49 46 30 43
130 42 34 23 34
126 38 34 23 41
126 40 33 23 35
130 42 35 24 35
140 45 38 23 38
114 34 32 24 31
94 27 26 17 26
104 32 29 19 29
144 44 37 25 40
150 48 41 26 41
122 36 32 19 34
140 44 40 25 38
126 39 33 24 34
156 49 44 28 47
112 35 32 20 31
112 36 29 20 29
128 41 32 27 36
80 23 24 17 22
126 41 33 22 33
128 42 33 23 34
116 38 31 22 32
142 43 38 24 38
154 49 42 30 39
114 37 36 21 31
94 26 26 17 26
118 38 30 19 31
74 22 22 11 19
76 23 20 15 21
114 34 28 20 31
148 43 41 25 44
142 45 42 24 40
154 49 43 23 41
160 51 47 29 47
130 39 34 21 38
150 48 40 26 43
136 44 36 21 37
120 38 32 22 32
126 40 31 26 34
146 43 43 25 40
148 47 40 28 37
188 58 48 34 47
130 41 36 23 35
154 49 42 27 40
120 39 32 22 34
116 37 28 22 32
152 49 47 27 43
180 56 47 36 50
158 49 42 26 47
96 29 26 15 28
106 34 29 17 30
78 23 22 13 24
134 42 35 22 34
158 50 40 29 42
166 52 47 35 45
138 45 35 29 38
134 43 36 21 34
126 41 35 24 35
168 56 46 30 44
112 35 31 18 33
174 55 45 32 50
152 50 41 27 41
114 35 31 22 32
148 47 39 26 40
108 34 28 17 29
136 44 36 27 37
190 61 52 34 55
70 20 17 14 20
114 37 32 17 32
148 47 40 26 44
106 32 29 15 30
132 39 34 25 37
118 38 35 22 31
180 54 51 35 49
140 45 39 29 43
90 28 25 17 26
122 37 33 26 32
108 33 30 20 27
152 48 40 28 39
146 45 37 29 38
166 52 43 35 45
140 37 36 28 37
138 44 38 23 38
148 47 40 28 44
76 23 22 12 20
138 45 37 24 38
158 50 46 31 41
104 33 28 17 28
120 40 33 22 31
178 55 48 35 47
166 54 44 31 48
162 51 46 28 45
170 55 46 32 43
144 44 41 29 39
196 62 53 35 53
182 56 49 33 48
154 45 41 31 43
138 44 38 27 35
132 43 34 22 33
164 53 47 34 46
172 54 48 30 48
166 49 44 28 47
154 51 43 30 40
130 42 35 24 35
146 47 39 24 41
144 44 37 24 38
190 60 53 38 54
166 52 48 32 45
152 48 41 29 44
148 49 42 26 40
124 39 37 23 33
164 50 40 31 45
190 60 51 31 51
132 40 36 23 34
162 53 44 27 42
138 44 36 24 34
204 63 55 33 54
154 48 45 28 42
114 37 33 23 32
104 33 27 16 26
156 51 41 27 43
128 38 35 23 36
152 49 41 32 44
180 59 48 32 50
178 55 51 32 48
156 48 44 25 45
108 33 28 22 28
160 48 42 27 41
144 45 38 28 38
130 42 38 22 37
194 63 53 34 49
224 69 60 41 55
156 49 40 29 45
180 55 50 27 51
200 62 52 39 55
160 52 43 28 42
186 61 52 34 49
154 50 45 27 43
158 52 42 29 44
192 60 52 35 57
154 49 39 26 41
150 47 38 28 43
154 50 45 27 41
150 49 47 31 41
170 55 49 30 46
174 56 49 30 45
100 31 27 18 26
160 50 42 29 48
126 41 34 22 36
150 48 41 26 43
190 60 49 35 48
152 46 43 25 43
168 53 46 29 47
140 45 40 26 38
166 55 45 32 46
188 61 57 35 51
134 44 38 25 37
204 66 54 35 57
184 59 49 33 51
188 55 48 33 54
154 50 41 29 46
200 65 53 34 58
172 50 48 30 48
142 47 40 26 34
146 48 40 28 40
158 51 43 28 43
122 39 33 23 35
184 57 46 32 53
186 58 51 38 49
216 70 61 38 56
190 62 51 39 51
172 50 45 30 44
154 50 43 29 46
240 79 67 46 64
166 55 47 27 45
150 48 42 32 43
188 57 51 34 49
122 40 31 23 37
136 42 39 23 39
144 45 36 27 39
130 41 34 24 35
132 43 34 23 35
182 59 49 30 49
174 54 46 32 51
192 60 51 34 51
152 47 42 24 43
192 62 54 36 51
214 69 58 37 61
210 69 55 38 61
156 50 46 29 43
156 49 41 27 44
170 54 45 33 46
170 55 49 30 49
210 68 59 39 56
212 68 61 39 60
172 54 48 31 46
172 54 47 36 45
230 71 59 44 61
158 51 45 32 48
196 64 52 33 54
224 72 63 45 64
150 48 42 28 42
200 63 54 42 54
132 40 32 23 38
182 58 50 37 50
160 48 41 27 41
136 43 41 24 36
190 61 53 36 50
208 66 58 37 59
148 46 43 28 42
218 67 57 37 58
140 44 41 27 37
194 61 52 35 57
208 68 55 45 58
116 37 33 22 31
160 52 43 24 39
196 64 58 39 50
168 55 45 31 45
224 73 61 42 59
178 55 49 34 48
216 65 56 38 59
166 51 50 30 45
224 72 64 37 63
184 56 50 35 51
206 63 55 35 59
226 70 59 40 61
216 70 55 37 61
182 54 54 33 53
216 70 61 40 59
216 71 58 40 60
174 49 46 32 50
244 77 67 47 68
140 44 36 24 40
216 68 61 40 56
148 46 40 28 39
170 54 45 28 48
166 52 43 30 43
272 90 75 50 75
208 66 59 39 56
142 43 39 26 40
204 62 55 37 59
144 44 38 24 39
232 74 65 44 65
162 52 45 33 43
208 66 61 38 57
192 63 51 32 51
164 52 41 31 44
178 56 47 34 46
250 83 68 48 66
178 57 50 32 55
198 63 54 32 53
190 61 49 35 54
224 70 63 44 65
198 65 54 35 54
180 56 49 33 50
150 48 42 29 41
206 65 55 43 58
230 75 67 39 58
204 65 58 41 57
198 64 52 35 56
186 59 47 34 58
176 54 46 34 47
184 59 49 32 49
186 61 54 32 49
238 75 67 40 69
138 42 37 24 36
214 68 59 32 55
214 68 60 37 59
136 43 35 26 39
210 64 55 41 59
218 67 60 41 61
176 57 45 30 48
126 39 36 24 32
118 36 34 23 32
152 47 42 26 39
230 73 62 36 60
252 83 70 43 67
112 31 28 22 27
96 28 27 16 26
198 64 53 42 55
130 41 34 25 37
90 27 25 17 26
242 75 67 44 67
280 89 77 53 79
192 63 50 40 49
156 50 39 30 42
182 58 47 32 51
238 78 67 48 66
198 64 53 38 53
200 64 57 38 53
168 52 45 31 47
142 44 37 25 36
204 65 57 43 56
194 63 56 38 50
168 53 45 33 46
240 79 68 44 68
236 76 69 43 62
200 62 56 43 58
254 79 68 49 68
212 67 63 44 62
250 82 69 44 65
268 86 77 44 73
224 74 65 42 61
224 70 65 39 60
156 49 43 33 39
238 77 65 42 70
192 60 54 37 51
232 72 62 40 62
168 53 47 27 45
206 64 52 42 58
216 70 60 37 61
202 61 52 37 55
206 65 53 35 58
294 89 82 57 83
170 55 47 29 51
212 67 53 40 57
236 77 66 43 64
212 64 57 38 57
236 77 65 47 64
184 58 51 33 46
210 67 58 37 56
242 78 66 43 64
234 75 64 39 64
138 43 39 25 36
162 52 47 31 41
260 81 70 46 71
194 61 53 35 51
184 59 50 34 49
210 68 58 38 59
198 64 56 35 52
212 66 55 38 62
150 46 38 32 39
262 84 74 50 71
132 43 38 22 35
208 67 57 38 55
176 56 47 35 50
212 69 57 36 57
192 55 52 40 51
330 99 92 58 85
266 82 72 48 74
258 83 69 46 70
272 87 72 53 70
166 53 46 32 42
230 74 64 44 60
252 77 68 47 72
212 66 60 37 58
200 65 54 35 55
172 57 49 33 46
230 72 59 42 63
212 66 57 38 61
232 73 59 39 61
164 49 46 33 48
282 92 79 53 77
222 73 59 37 62
250 81 71 47 67
194 64 55 35 52
270 85 78 44 68
260 81 72 50 70
220 70 60 38 62
242 79 66 42 64
274 89 76 45 71
230 75 63 40 65
236 74 62 45 66
202 65 55 35 52
230 75 63 41 61
172 55 46 29 48
288 95 78 54 82
246 79 61 47 67
236 76 63 39 60
222 71 63 41 59
246 79 68 45 69
246 78 65 49 66
204 66 53 34 57
250 82 67 47 69
272 85 74 52 78
132 41 36 24 35
168 54 44 29 48
256 81 71 42 70
210 67 59 37 54
298 87 81 53 81
194 60 53 35 53
110 35 30 21 30
304 99 87 52 80
248 72 67 43 67
248 75 72 45 68
206 65 55 36 57
290 94 81 54 78
162 52 45 31 44
236 75 66 47 67
136 42 36 25 36
224 71 62 37 61
222 68 59 42 56
226 75 64 44 64
228 72 68 46 59
136 43 37 27 37
214 67 61 40 63
258 83 78 48 72
312 97 84 62 82
276 84 71 50 79
220 72 57 41 60
322 104 88 61 89
258 84 75 46 71
228 76 65 40 58
216 70 62 42 59
236 75 65 45 61
256 82 69 47 71
238 77 64 42 68
262 82 73 44 66
270 84 78 51 76
178 56 50 35 50
174 53 49 33 49
180 59 52 38 49
240 77 65 42 66
304 100 83 60 82
254 77 67 49 71
250 78 68 42 70
252 84 65 42 67
184 61 48 33 50
162 53 42 29 42
214 68 59 39 57
158 49 41 27 42
270 87 72 54 73
262 81 72 44 72
252 81 69 47 72
306 93 83 56 89
252 81 70 46 70
292 89 80 52 79
290 95 79 52 80
198 63 55 37 54
246 77 69 50 68
264 87 70 47 72
292 96 82 52 83
272 86 74 53 73
186 56 53 32 49
222 71 58 35 60
318 98 86 62 91
292 90 78 50 77
244 78 66 44 65
246 80 70 38 68
212 69 58 38 56
298 95 82 56 73
282 89 78 52 76
194 61 56 32 49
274 86 75 50 76
292 91 82 56 79
230 71 62 44 62
266 86 75 49 70
218 69 61 40 62
184 57 53 33 49
228 73 64 43 62
204 62 54 37 56
254 82 70 50 74
260 84 72 50 71
200 62 52 38 58
322 99 93 59 83
260 84 66 45 69
242 73 67 43 68
192 63 50 33 56
274 86 73 50 71
234 73 62 39 69
268 84 72 46 67
252 79 65 44 67
328 107 83 57 89
182 56 54 32 48
296 96 82 55 78
240 76 66 44 67
278 91 75 52 80
256 83 73 51 75
224 68 62 45 63
250 80 67 42 69
218 69 62 38 60
256 81 74 50 73
282 91 74 51 77
296 91 82 54 79
120 37 31 22 34
222 70 58 38 54
254 80 69 42 69
280 87 78 53 74
128 39 35 23 34
284 92 78 51 77
218 70 59 43 60
300 98 81 54 83
286 94 75 45 83
166 54 45 29 44
262 86 73 49 71
256 81 68 47 67
350 114 98 67 98
260 86 73 44 71
